zona;secao;cod_local;local;endereco;bairro;cep;aptos;agregadas
4;1;1252;EMEF CAPISTRANO DE ABREU;RUA CEL ANTÔNIO BOTELHO, 366;CENTRO - MARANGUAPE;61940005;346;3
4;2;1252;EMEF CAPISTRANO DE ABREU;RUA CEL ANTÔNIO BOTELHO, 366;CENTRO - MARANGUAPE;61940005;343;519
4;4;2089;EEFM ANTÔNIO LUÍS COELHO;RUA DO COMÉRCIO, S/N;AMANARI;61979000;321;
4;5;2089;EEFM ANTÔNIO LUÍS COELHO;RUA DO COMÉRCIO, S/N;AMANARI;61979000;325;
4;6;2585;CVT MARANGUAPE;RUA WALTER LOPES, 149;CENTRO - MARANGUAPE;61940570;205;
4;8;1813;EMEF JÕAO CIRINO NOGUEIRA;RUA JOAO CIRINO, S/N;SAPUPARA;61950000;293;
4;9;1813;EMEF JÕAO CIRINO NOGUEIRA;RUA JOAO CIRINO, S/N;SAPUPARA;61950000;294;
4;10;1791;EMEF BÁRBARA DE ALENCAR;PRAÇA ADELAIDE COELHO, 67;AMANARI;61979990;233;
4;11;1791;EMEF BÁRBARA DE ALENCAR;PRAÇA ADELAIDE COELHO, 67;AMANARI;61979990;234;
4;12;1546;EMEIEF JOSÉ DE MOURA;RUA JOAO RAMALHO CORDEIRO, 21;CACHOEIRA;61973000;222;
4;13;1090;CEI PAULO CAMPOS TELES;AVENIDA MARIA EFIGENIA CAMPOS TELES, 1130;COITÉ - MARANGUAPE;61946120;219;
4;14;1848;EMEIEF CARLOS PEREIRA DE SOUSA;RUA JOSÉ MENEZES, S/N;PENEDO;61956000;270;
4;15;1112;CENTRO DE EDUC. MUNIC. DEP. MANOEL RODRIGUES;RUA JUSCELINO KUBITSCHEK, S/N;PARQUE SANTA FÉ - MARANGUAPE;61940390;339;
4;16;1112;CENTRO DE EDUC. MUNIC. DEP. MANOEL RODRIGUES;RUA JUSCELINO KUBITSCHEK, S/N;PARQUE SANTA FÉ - MARANGUAPE;61940390;347;
4;17;1112;CENTRO DE EDUC. MUNIC. DEP. MANOEL RODRIGUES;RUA JUSCELINO KUBITSCHEK, S/N;PARQUE SANTA FÉ - MARANGUAPE;61940390;342;
4;18;1112;CENTRO DE EDUC. MUNIC. DEP. MANOEL RODRIGUES;RUA JUSCELINO KUBITSCHEK, S/N;PARQUE SANTA FÉ - MARANGUAPE;61940390;346;
4;19;1120;EMEIEF RENATO MOTA;RUA EMANOEL COSTA  ABREU, S/N;OUTRA BANDA - MARANGUAPE;61942280;334;
4;20;1120;EMEIEF RENATO MOTA;RUA EMANOEL COSTA  ABREU, S/N;OUTRA BANDA - MARANGUAPE;61942280;332;
4;21;1120;EMEIEF RENATO MOTA;RUA EMANOEL COSTA  ABREU, S/N;OUTRA BANDA - MARANGUAPE;61942280;336;
4;22;1139;CEI MÁRIO VALENTIM DE ANDRADE;RUA ANTÔNIO GOMES BESSA, S/N;PARQUE IRACEMA - MARANGUAPE;61948220;241;
4;23;1139;CEI MÁRIO VALENTIM DE ANDRADE;RUA ANTÔNIO GOMES BESSA, S/N;PARQUE IRACEMA - MARANGUAPE;61948220;244;
4;24;1139;CEI MÁRIO VALENTIM DE ANDRADE;RUA ANTÔNIO GOMES BESSA, S/N;PARQUE IRACEMA - MARANGUAPE;61948220;243;
4;25;1139;CEI MÁRIO VALENTIM DE ANDRADE;RUA ANTÔNIO GOMES BESSA, S/N;PARQUE IRACEMA - MARANGUAPE;61948220;242;
4;26;1139;CEI MÁRIO VALENTIM DE ANDRADE;RUA ANTÔNIO GOMES BESSA, S/N;PARQUE IRACEMA - MARANGUAPE;61948220;245;
4;27;1414;EMEIEF FRANCISCA ROCHA MAGALHÃES;AVENIDA ALCEBÍADES RODRIGUES BARRETO SN;LADEIRA GRANDE;61953000;285;
4;28;1414;EMEIEF FRANCISCA ROCHA MAGALHÃES;AVENIDA ALCEBÍADES RODRIGUES BARRETO SN;LADEIRA GRANDE;61953000;282;
4;29;1252;EMEF CAPISTRANO DE ABREU;RUA CEL ANTÔNIO BOTELHO, 366;CENTRO - MARANGUAPE;61940005;346;140
4;30;1236;EEMTI ANTÔNIO MARQUES DE ABREU;RUA MANUEL GUEDES MARTINS, 1076.;ITAPEBUSSU;61988000;335;
4;31;1171;EEMTI ANCHIETA;RUA ANTÕNIO GOMES BESSA, 60;PARQUE IRACEMA - MARANGUAPE;61948220;347;
4;32;1171;EEMTI ANCHIETA;RUA ANTÕNIO GOMES BESSA, 60;PARQUE IRACEMA - MARANGUAPE;61948220;344;648
4;33;1171;EEMTI ANCHIETA;RUA ANTÕNIO GOMES BESSA, 60;PARQUE IRACEMA - MARANGUAPE;61948220;346;
4;35;2585;CVT MARANGUAPE;RUA WALTER LOPES, 149;CENTRO - MARANGUAPE;61940570;199;
4;36;2488;COLÉGIO SEBASTIÃO DE ABREU;RUA ROBERTO BRAQUEHAIS, 656;CENTRO - MARANGUAPE;61940080;329;7
4;37;1210;EEMTI EUNICE WEAVER;AV SEN ALMIR PINTO KM 15 PAU SERRADO;CÔNEGO RAIMUNDO PINTO - MARANGUAPE;61945220;302;
4;38;1228;EMEIEF JOSÉ SAMPAIO UCHÔA;MELAO;TANQUES;61976000;212;
4;39;1236;EEMTI ANTÔNIO MARQUES DE ABREU;RUA MANUEL GUEDES MARTINS, 1076.;ITAPEBUSSU;61988000;337;
4;40;1236;EEMTI ANTÔNIO MARQUES DE ABREU;RUA MANUEL GUEDES MARTINS, 1076.;ITAPEBUSSU;61988000;336;
4;41;1236;EEMTI ANTÔNIO MARQUES DE ABREU;RUA MANUEL GUEDES MARTINS, 1076.;ITAPEBUSSU;61988000;334;
4;42;1244;EMEF SANTA RITA;RUA WALTER LOPES, S/N;GUABIRABA - MARANGUAPE;61940750;253;
4;43;1244;EMEF SANTA RITA;RUA WALTER LOPES, S/N;GUABIRABA - MARANGUAPE;61940750;252;
4;44;2488;COLÉGIO SEBASTIÃO DE ABREU;RUA ROBERTO BRAQUEHAIS, 656;CENTRO - MARANGUAPE;61940080;253;
4;45;1260;EMEF CLÓVIS MONTEIRO;RUA IRMÃ CANDIDA MARIA, 216;PARQUE IRACEMA - MARANGUAPE;61948230;213;
4;46;1279;EMEIEF MANOEL DOMINGOS FILHO;RUA CORONEL MANOEL DOMINGOS FILHO, S/N;JUBAIA;61955000;222;
4;47;1279;EMEIEF MANOEL DOMINGOS FILHO;RUA CORONEL MANOEL DOMINGOS FILHO, S/N;JUBAIA;61955000;225;
4;48;2470;CEI ISAURINHA DIÓGENES;RUA NAPOLEÃO LIMA, 780;GUABIRABA - MARANGUAPE;61940005;291;
4;49;2470;CEI ISAURINHA DIÓGENES;RUA NAPOLEÃO LIMA, 780;GUABIRABA - MARANGUAPE;61940005;294;
4;50;2470;CEI ISAURINHA DIÓGENES;RUA NAPOLEÃO LIMA, 780;GUABIRABA - MARANGUAPE;61940005;284;
4;51;2470;CEI ISAURINHA DIÓGENES;RUA NAPOLEÃO LIMA, 780;GUABIRABA - MARANGUAPE;61940005;292;
4;52;1295;EMEIEF PAULO SARASATE;AVENIDA DR. ARGEU GURGEL BRAGA HERBSTER, 883;OUTRA BANDA - MARANGUAPE;61942005;345;
4;53;1295;EMEIEF PAULO SARASATE;AVENIDA DR. ARGEU GURGEL BRAGA HERBSTER, 883;OUTRA BANDA - MARANGUAPE;61942005;344;
4;54;1295;EMEIEF PAULO SARASATE;AVENIDA DR. ARGEU GURGEL BRAGA HERBSTER, 883;OUTRA BANDA - MARANGUAPE;61942005;340;
4;55;1295;EMEIEF PAULO SARASATE;AVENIDA DR. ARGEU GURGEL BRAGA HERBSTER, 883;OUTRA BANDA - MARANGUAPE;61942005;346;
4;56;1295;EMEIEF PAULO SARASATE;AVENIDA DR. ARGEU GURGEL BRAGA HERBSTER, 883;OUTRA BANDA - MARANGUAPE;61942005;348;
4;57;2593;CEM PEDRO PESSOA CÂMARA;AV. DR. ARGEU BRAGA HERBSTER, 960;OUTRA BANDA - MARANGUAPE;61942005;323;
4;58;2585;CVT MARANGUAPE;RUA WALTER LOPES, 149;CENTRO - MARANGUAPE;61940570;203;
4;59;2585;CVT MARANGUAPE;RUA WALTER LOPES, 149;CENTRO - MARANGUAPE;61940570;203;
4;60;2615;CEJA MANOEL SEVERO BARBOSA;RUA RAIMUNDO HERBSTER, 230;CENTRO - MARANGUAPE;61940150;321;
4;61;2615;CEJA MANOEL SEVERO BARBOSA;RUA RAIMUNDO HERBSTER, 230;CENTRO - MARANGUAPE;61940150;317;
4;62;1317;CASA DE CULTURA CAPISTRANO DE ABREU (FITEC);RUA MAJOR AGOSTINHO, 306;CENTRO - MARANGUAPE;61940090;344;
4;63;1317;CASA DE CULTURA CAPISTRANO DE ABREU (FITEC);RUA MAJOR AGOSTINHO, 306;CENTRO - MARANGUAPE;61940090;344;
4;64;1554;EMEF JOSÉ DE SOUSA ALBUQUERQUE;AVENIDA NOSSA SENHORA DO CARMO, 525;LAGOA DO JUVENAL;61991000;224;
4;66;1341;EMEIEF IMACULADA CONCEIÇÃO;VILA ANTÔNIO MARQUES, 16;SERRA DO LAGEDO - ANTÔNIO MARQUES;61977000;342;
4;67;1350;EMEIEF ANTÕNIO DE ABREU;RUA DEMETRIO FERREIRA , 372;TANGUEIRA - MARANGUAPE;61946075;305;
4;68;1341;EMEIEF IMACULADA CONCEIÇÃO;VILA ANTÔNIO MARQUES, 16;SERRA DO LAGEDO - ANTÔNIO MARQUES;61977000;342;
4;69;1376;EMEF ZILDA DE BARROS DE MEDEIROS;RUA SAMUEL BOTELHO DE SOUSA, 578;LAGES;61962000;331;
4;70;1376;EMEF ZILDA DE BARROS DE MEDEIROS;RUA SAMUEL BOTELHO DE SOUSA, 578;LAGES;61962000;330;
4;71;1384;EMEIEF CRISTOVÃO COLOMBO;PEDRA D'ÁGUA;AMANARI;61979000;308;
4;72;1392;EMEIEF ANTÕNIO JANUÁRIO DE OLIVEIRA;CAJUEIRO;CAJUEIRO - TANQUES;61976000;319;
4;73;1554;EMEF JOSÉ DE SOUSA ALBUQUERQUE;AVENIDA NOSSA SENHORA DO CARMO, 525;LAGOA DO JUVENAL;61991000;224;
4;74;1414;EMEIEF FRANCISCA ROCHA MAGALHÃES;AVENIDA ALCEBÍADES RODRIGUES BARRETO SN;LADEIRA GRANDE;61953000;280;
4;75;1414;EMEIEF FRANCISCA ROCHA MAGALHÃES;AVENIDA ALCEBÍADES RODRIGUES BARRETO SN;LADEIRA GRANDE;61953000;282;
4;76;1422;EMEF CÔNEGO HEITOR VIEIRA CAVALCANTE;RUA MARIA EFIGÊNIA CAMPOS TELES, 985;COITÉ - MARANGUAPE;61946120;321;
4;77;1430;EMEIEF DR. CÉSAR CAMPELO;RUA JOÃO DE HOLANDA CAVALCANTE;TANQUES;61976000;190;
4;78;1449;CRECHE FRANCISCO DE ALMEIDA ARAÚJO;FORQUILHA;FORQUILA - PAPARA;61979000;216;
4;80;1350;EMEIEF ANTÕNIO DE ABREU;RUA DEMETRIO FERREIRA , 372;TANGUEIRA - MARANGUAPE;61946075;307;
4;81;1473;EMEIEF JOSÉ MAMEDE DA NÓBREGA;RATO DE CIMA S/N;RATO DE CIMA - MANOEL GUEDES;61984000;257;
4;82;1554;EMEF JOSÉ DE SOUSA ALBUQUERQUE;AVENIDA NOSSA SENHORA DO CARMO, 525;LAGOA DO JUVENAL;61991000;223;
4;83;1589;EMEF MANOEL CORDEIRO;RUA LUIZ CORDEIRO SOBRINHO, S/N;UMARIZEIRAS;61950000;325;
4;84;1503;EMEIEF JOÃO LEITE;RUA FERNANDO SAMPAIO DE ANDRADE, S/N;PAPARA;61967000;259;
4;85;1503;EMEIEF JOÃO LEITE;RUA FERNANDO SAMPAIO DE ANDRADE, S/N;PAPARA;61967000;258;
4;87;2194;EMEF JOSÉ PEREIRA DE SOUSA;RUA MIGUEL FERNANDES, 571;SÃO JOÃO DO AMANARI;61982984;285;
4;88;1538;EMEIEF JOAQUIM LOPES DE ABREU;RUA PATRÍCIO DA PAIXÃO;AMANARI;61979000;300;
4;89;1546;EMEIEF JOSÉ DE MOURA;RUA JOAO RAMALHO CORDEIRO, 21;CACHOEIRA;61973000;213;
4;90;1546;EMEIEF JOSÉ DE MOURA;RUA JOAO RAMALHO CORDEIRO, 21;CACHOEIRA;61973000;215;
4;91;1554;EMEF JOSÉ DE SOUSA ALBUQUERQUE;AVENIDA NOSSA SENHORA DO CARMO, 525;LAGOA DO JUVENAL;61991000;224;
4;92;2194;EMEF JOSÉ PEREIRA DE SOUSA;RUA MIGUEL FERNANDES, 571;SÃO JOÃO DO AMANARI;61982984;288;
4;93;1570;EMEI JOSÉ PAULO;JARDIM - PENEDO;JARDIM - PENEDO;61940000;346;
4;94;1589;EMEF MANOEL CORDEIRO;RUA LUIZ CORDEIRO SOBRINHO, S/N;UMARIZEIRAS;61950000;321;
4;95;1473;EMEIEF JOSÉ MAMEDE DA NÓBREGA;RATO DE CIMA S/N;RATO DE CIMA - MANOEL GUEDES;61984000;250;
4;96;1600;EMEF LEONOR DE CASTRO BORGES;RUA ANTÔNIA BOTELHO, 83;JUBAIA;61955000;294;
4;97;1600;EMEF LEONOR DE CASTRO BORGES;RUA ANTÔNIA BOTELHO, 83;JUBAIA;61955000;291;
4;98;1619;EMEF PROFESSORA MARIA EUGÊNIA DE OLIVEIRA;RUA MANOEL GUEDES MARTINS, 1130;ITAPEBUSSU;61988000;279;
4;99;1627;EMEIEF MENINOS DE JESUS;VASSOURAS;AMANARI;61979000;319;
4;100;1635;EMEF MATIAS BECK;RUA TEIXEIRA DE SOUSA, 23;AMANARI;61979000;214;
4;101;1635;EMEF MATIAS BECK;RUA TEIXEIRA DE SOUSA, 23;AMANARI;61979000;214;
4;103;1651;EMEIEF LUIZ ALBANO DA COSTA;AVENIDA JOAQUIM LOPES DE ABREU, S/N;URUCARÁ - MARANGUAPE;61949210;266;
4;104;1651;EMEIEF LUIZ ALBANO DA COSTA;AVENIDA JOAQUIM LOPES DE ABREU, S/N;URUCARÁ - MARANGUAPE;61949210;273;
4;105;1660;EMEF JOSÉ FERNANDES VIEIRA;RUA PEDRO MOREIRA VASCONCELOS, 125;NOVO MARANGUAPE I (ÁREA VERDE) - MARANGUAPE;61944450;343;
4;106;1660;EMEF JOSÉ FERNANDES VIEIRA;RUA PEDRO MOREIRA VASCONCELOS, 125;NOVO MARANGUAPE I (ÁREA VERDE) - MARANGUAPE;61944450;346;
4;107;1660;EMEF JOSÉ FERNANDES VIEIRA;RUA PEDRO MOREIRA VASCONCELOS, 125;NOVO MARANGUAPE I (ÁREA VERDE) - MARANGUAPE;61944450;346;
4;108;1678;CENTRO DE APOIO DA COMUNIDADE DE RETIRO;RETIRO - TANQUES;TANQUES;61976974;176;
4;109;1686;CENTRO COMUNITÁRIO DE VIÇOSA;VICOSA;VIÇOSA - PENEDO;61940000;153;
4;110;1732;EMEF FRANCISCA MARQUES DE SOUSA;RUA TENENTE BARROSO, S/N;ITAPEBUSSU;61988000;216;
4;111;2461;EMEIEF FLORÊNCIO BARROSO DE ALBUQUERQUE;RATO DE BAIXO;MANOEL GUEDES;61984000;255;
4;112;1228;EMEIEF JOSÉ SAMPAIO UCHÔA;MELAO;TANQUES;61976000;211;
4;113;1724;EMEIEF SANTO ANTÔNIO;RUA FRANCISCO ANTONIO DE LIMA, S/N;PAPARA;61967000;329;
4;114;1732;EMEF FRANCISCA MARQUES DE SOUSA;RUA TENENTE BARROSO, S/N;ITAPEBUSSU;61988000;214;
4;115;1430;EMEIEF DR. CÉSAR CAMPELO;RUA JOÃO DE HOLANDA CAVALCANTE;TANQUES;61976000;190;
4;116;1759;EMEIEF RURAL DE GERERAU;AVENIDA TABATNGA, S/N;URUCARÁ - MARANGUAPE;61950000;272;
4;117;2488;COLÉGIO SEBASTIÃO DE ABREU;RUA ROBERTO BRAQUEHAIS, 656;CENTRO - MARANGUAPE;61940080;252;
4;119;2585;CVT MARANGUAPE;RUA WALTER LOPES, 149;CENTRO - MARANGUAPE;61940570;204;
4;120;1791;EMEF BÁRBARA DE ALENCAR;PRAÇA ADELAIDE COELHO, 67;AMANARI;61979990;262;
4;121;1805;EMEIEF CORONEL MANOEL PAULA CAVALCANTE;TRAPIÁ;TRAPIÁ - PENEDO;61956000;197;
4;122;1813;EMEF JÕAO CIRINO NOGUEIRA;RUA JOAO CIRINO, S/N;SAPUPARA;61950000;290;
4;123;1813;EMEF JÕAO CIRINO NOGUEIRA;RUA JOAO CIRINO, S/N;SAPUPARA;61950000;295;
4;124;1821;EMEIEF JOSÉ SIMÃO DE ABREU;AVENIDA JOSÉ SIMÃO DE ABREU, S/N;LADEIRA GRANDE;61953000;282;
4;125;1830;EEFM LUIZ GIRÃO;AVENIDA TABATINGA, S/N;TABATINGA - SAPUPARA;61950000;339;
4;126;1830;EEFM LUIZ GIRÃO;AVENIDA TABATINGA, S/N;TABATINGA - SAPUPARA;61950000;337;
4;127;1830;EEFM LUIZ GIRÃO;AVENIDA TABATINGA, S/N;TABATINGA - SAPUPARA;61950000;338;
4;128;1848;EMEIEF CARLOS PEREIRA DE SOUSA;RUA JOSÉ MENEZES, S/N;PENEDO;61956000;260;
4;129;1856;EMEF MIGUEL VIEIRA DA ROCHA;RUA BOA VISTA DOS VIEIRAS, S/N;LAGES;61962000;308;
4;130;2020;EMEF FRANCISCA GOMES FERNANDES VIEIRA;AVENIDA STENIO GOMES 872;PARQUE IRACEMA - MARANGUAPE;61948260;265;
4;131;2615;CEJA MANOEL SEVERO BARBOSA;RUA RAIMUNDO HERBSTER, 230;CENTRO - MARANGUAPE;61940150;315;
4;132;2615;CEJA MANOEL SEVERO BARBOSA;RUA RAIMUNDO HERBSTER, 230;CENTRO - MARANGUAPE;61940150;341;634
4;133;1619;EMEF PROFESSORA MARIA EUGÊNIA DE OLIVEIRA;RUA MANOEL GUEDES MARTINS, 1130;ITAPEBUSSU;61988000;275;
4;134;1279;EMEIEF MANOEL DOMINGOS FILHO;RUA CORONEL MANOEL DOMINGOS FILHO, S/N;JUBAIA;61955000;222;
4;135;1554;EMEF JOSÉ DE SOUSA ALBUQUERQUE;AVENIDA NOSSA SENHORA DO CARMO, 525;LAGOA DO JUVENAL;61991000;224;
4;136;1813;EMEF JÕAO CIRINO NOGUEIRA;RUA JOAO CIRINO, S/N;SAPUPARA;61950000;295;
4;137;1430;EMEIEF DR. CÉSAR CAMPELO;RUA JOÃO DE HOLANDA CAVALCANTE;TANQUES;61976000;189;
4;138;1252;EMEF CAPISTRANO DE ABREU;RUA CEL ANTÔNIO BOTELHO, 366;CENTRO - MARANGUAPE;61940005;175;
4;139;1635;EMEF MATIAS BECK;RUA TEIXEIRA DE SOUSA, 23;AMANARI;61979000;264;
4;141;2488;COLÉGIO SEBASTIÃO DE ABREU;RUA ROBERTO BRAQUEHAIS, 656;CENTRO - MARANGUAPE;61940080;332;145
4;142;1619;EMEF PROFESSORA MARIA EUGÊNIA DE OLIVEIRA;RUA MANOEL GUEDES MARTINS, 1130;ITAPEBUSSU;61988000;280;
4;143;1422;EMEF CÔNEGO HEITOR VIEIRA CAVALCANTE;RUA MARIA EFIGÊNIA CAMPOS TELES, 985;COITÉ - MARANGUAPE;61946120;311;
4;146;2585;CVT MARANGUAPE;RUA WALTER LOPES, 149;CENTRO - MARANGUAPE;61940570;210;636
4;147;2020;EMEF FRANCISCA GOMES FERNANDES VIEIRA;AVENIDA STENIO GOMES 872;PARQUE IRACEMA - MARANGUAPE;61948260;264;
4;148;2020;EMEF FRANCISCA GOMES FERNANDES VIEIRA;AVENIDA STENIO GOMES 872;PARQUE IRACEMA - MARANGUAPE;61948260;264;
4;149;2020;EMEF FRANCISCA GOMES FERNANDES VIEIRA;AVENIDA STENIO GOMES 872;PARQUE IRACEMA - MARANGUAPE;61948260;265;
4;362;2593;CEM PEDRO PESSOA CÂMARA;AV. DR. ARGEU BRAGA HERBSTER, 960;OUTRA BANDA - MARANGUAPE;61942005;321;
4;363;1660;EMEF JOSÉ FERNANDES VIEIRA;RUA PEDRO MOREIRA VASCONCELOS, 125;NOVO MARANGUAPE I (ÁREA VERDE) - MARANGUAPE;61944450;348;
4;366;2399;CEI DEPUTADO JOSÉ MÁRIO MOTA BARBOSA;RUA DA PRAÇA, S/N;OUTRA BANDA - MARANGUAPE;61943015;318;
4;379;1848;EMEIEF CARLOS PEREIRA DE SOUSA;RUA JOSÉ MENEZES, S/N;PENEDO;61956000;274;
4;380;1236;EEMTI ANTÔNIO MARQUES DE ABREU;RUA MANUEL GUEDES MARTINS, 1076.;ITAPEBUSSU;61988000;336;
4;383;1635;EMEF MATIAS BECK;RUA TEIXEIRA DE SOUSA, 23;AMANARI;61979000;211;
4;389;2488;COLÉGIO SEBASTIÃO DE ABREU;RUA ROBERTO BRAQUEHAIS, 656;CENTRO - MARANGUAPE;61940080;265;
4;393;1112;CENTRO DE EDUC. MUNIC. DEP. MANOEL RODRIGUES;RUA JUSCELINO KUBITSCHEK, S/N;PARQUE SANTA FÉ - MARANGUAPE;61940390;341;
4;394;1660;EMEF JOSÉ FERNANDES VIEIRA;RUA PEDRO MOREIRA VASCONCELOS, 125;NOVO MARANGUAPE I (ÁREA VERDE) - MARANGUAPE;61944450;348;
4;395;1090;CEI PAULO CAMPOS TELES;AVENIDA MARIA EFIGENIA CAMPOS TELES, 1130;COITÉ - MARANGUAPE;61946120;216;
4;397;1139;CEI MÁRIO VALENTIM DE ANDRADE;RUA ANTÔNIO GOMES BESSA, S/N;PARQUE IRACEMA - MARANGUAPE;61948220;243;
4;402;2488;COLÉGIO SEBASTIÃO DE ABREU;RUA ROBERTO BRAQUEHAIS, 656;CENTRO - MARANGUAPE;61940080;265;
4;404;2208;EMEIEF MARIA DA PENHA DE ABREU MACHADO;FAZENDA COLUMINJUBA, S/N;COLUMINJUBA - LADEIRA GRANDE;61953000;276;
4;408;1120;EMEIEF RENATO MOTA;RUA EMANOEL COSTA  ABREU, S/N;OUTRA BANDA - MARANGUAPE;61942280;332;
4;411;1244;EMEF SANTA RITA;RUA WALTER LOPES, S/N;GUABIRABA - MARANGUAPE;61940750;253;
4;413;2607;CEI SOFIA DE ABREU CORDEIRO;RUA JOSÉ DE OLIVEIRA, 805;SANTOS DUMONT - MARANGUAPE;61948620;365;642
4;414;2305;EMEIEF DR. VALDIR BEZERRA;ESTRADA DA PIRAPORA S/N;PIRAPORA - MARANGUAPE;61941010;203;
4;415;1090;CEI PAULO CAMPOS TELES;AVENIDA MARIA EFIGENIA CAMPOS TELES, 1130;COITÉ - MARANGUAPE;61946120;219;
4;417;2135;EMEIEF HONÓRIO ANTÔNIO DE ABREU;AV. MANOEL HONÓRIO DE ABREU, SN;CACIMBÃO - LADEIRA GRANDE;61953000;294;
4;422;2461;EMEIEF FLORÊNCIO BARROSO DE ALBUQUERQUE;RATO DE BAIXO;MANOEL GUEDES;61984000;266;
4;423;2194;EMEF JOSÉ PEREIRA DE SOUSA;RUA MIGUEL FERNANDES, 571;SÃO JOÃO DO AMANARI;61982984;282;
4;425;2089;EEFM ANTÔNIO LUÍS COELHO;RUA DO COMÉRCIO, S/N;AMANARI;61979000;325;
4;428;1317;CASA DE CULTURA CAPISTRANO DE ABREU (FITEC);RUA MAJOR AGOSTINHO, 306;CENTRO - MARANGUAPE;61940090;339;
4;429;1384;EMEIEF CRISTOVÃO COLOMBO;PEDRA D'ÁGUA;AMANARI;61979000;185;
4;430;2224;EMEF NILO PINHEIRO CAMPELO;RUA NILO CAMPELO, 48;NOVO PARQUE IRACEMA - MARANGUAPE;61949190;340;
4;431;1813;EMEF JÕAO CIRINO NOGUEIRA;RUA JOAO CIRINO, S/N;SAPUPARA;61950000;296;
4;432;2224;EMEF NILO PINHEIRO CAMPELO;RUA NILO CAMPELO, 48;NOVO PARQUE IRACEMA - MARANGUAPE;61949190;337;
4;435;1376;EMEF ZILDA DE BARROS DE MEDEIROS;RUA SAMUEL BOTELHO DE SOUSA, 578;LAGES;61962000;327;
4;436;2194;EMEF JOSÉ PEREIRA DE SOUSA;RUA MIGUEL FERNANDES, 571;SÃO JOÃO DO AMANARI;61982984;283;
4;437;1538;EMEIEF JOAQUIM LOPES DE ABREU;RUA PATRÍCIO DA PAIXÃO;AMANARI;61979000;302;
4;443;1546;EMEIEF JOSÉ DE MOURA;RUA JOAO RAMALHO CORDEIRO, 21;CACHOEIRA;61973000;213;
4;447;1503;EMEIEF JOÃO LEITE;RUA FERNANDO SAMPAIO DE ANDRADE, S/N;PAPARA;61967000;259;
4;451;2020;EMEF FRANCISCA GOMES FERNANDES VIEIRA;AVENIDA STENIO GOMES 872;PARQUE IRACEMA - MARANGUAPE;61948260;266;
4;453;1805;EMEIEF CORONEL MANOEL PAULA CAVALCANTE;TRAPIÁ;TRAPIÁ - PENEDO;61956000;195;
4;454;1210;EEMTI EUNICE WEAVER;AV SEN ALMIR PINTO KM 15 PAU SERRADO;CÔNEGO RAIMUNDO PINTO - MARANGUAPE;61945220;306;
4;456;1791;EMEF BÁRBARA DE ALENCAR;PRAÇA ADELAIDE COELHO, 67;AMANARI;61979990;255;
4;465;2488;COLÉGIO SEBASTIÃO DE ABREU;RUA ROBERTO BRAQUEHAIS, 656;CENTRO - MARANGUAPE;61940080;332;504
4;466;1848;EMEIEF CARLOS PEREIRA DE SOUSA;RUA JOSÉ MENEZES, S/N;PENEDO;61956000;260;
4;480;1210;EEMTI EUNICE WEAVER;AV SEN ALMIR PINTO KM 15 PAU SERRADO;CÔNEGO RAIMUNDO PINTO - MARANGUAPE;61945220;301;
4;481;1350;EMEIEF ANTÕNIO DE ABREU;RUA DEMETRIO FERREIRA , 372;TANGUEIRA - MARANGUAPE;61946075;305;
4;482;1830;EEFM LUIZ GIRÃO;AVENIDA TABATINGA, S/N;TABATINGA - SAPUPARA;61950000;339;
4;495;2089;EEFM ANTÔNIO LUÍS COELHO;RUA DO COMÉRCIO, S/N;AMANARI;61979000;325;
4;505;2372;EMEIEF ÁLVARO CÂMARA;BOA VISTA DOS VALENTINS;BOA VISTA DOS VALENTINS - CACHOEIRA;61973000;289;
4;507;1376;EMEF ZILDA DE BARROS DE MEDEIROS;RUA SAMUEL BOTELHO DE SOUSA, 578;LAGES;61962000;330;
4;508;1210;EEMTI EUNICE WEAVER;AV SEN ALMIR PINTO KM 15 PAU SERRADO;CÔNEGO RAIMUNDO PINTO - MARANGUAPE;61945220;298;
4;509;1554;EMEF JOSÉ DE SOUSA ALBUQUERQUE;AVENIDA NOSSA SENHORA DO CARMO, 525;LAGOA DO JUVENAL;61991000;224;
4;510;1503;EMEIEF JOÃO LEITE;RUA FERNANDO SAMPAIO DE ANDRADE, S/N;PAPARA;61967000;260;
4;511;1554;EMEF JOSÉ DE SOUSA ALBUQUERQUE;AVENIDA NOSSA SENHORA DO CARMO, 525;LAGOA DO JUVENAL;61991000;223;
4;512;2194;EMEF JOSÉ PEREIRA DE SOUSA;RUA MIGUEL FERNANDES, 571;SÃO JOÃO DO AMANARI;61982984;286;
4;513;1813;EMEF JÕAO CIRINO NOGUEIRA;RUA JOAO CIRINO, S/N;SAPUPARA;61950000;292;
4;515;1260;EMEF CLÓVIS MONTEIRO;RUA IRMÃ CANDIDA MARIA, 216;PARQUE IRACEMA - MARANGUAPE;61948230;210;
4;516;1813;EMEF JÕAO CIRINO NOGUEIRA;RUA JOAO CIRINO, S/N;SAPUPARA;61950000;294;
4;517;1546;EMEIEF JOSÉ DE MOURA;RUA JOAO RAMALHO CORDEIRO, 21;CACHOEIRA;61973000;215;
4;518;1341;EMEIEF IMACULADA CONCEIÇÃO;VILA ANTÔNIO MARQUES, 16;SERRA DO LAGEDO - ANTÔNIO MARQUES;61977000;343;
4;520;1660;EMEF JOSÉ FERNANDES VIEIRA;RUA PEDRO MOREIRA VASCONCELOS, 125;NOVO MARANGUAPE I (ÁREA VERDE) - MARANGUAPE;61944450;347;
4;521;2020;EMEF FRANCISCA GOMES FERNANDES VIEIRA;AVENIDA STENIO GOMES 872;PARQUE IRACEMA - MARANGUAPE;61948260;261;
4;522;2615;CEJA MANOEL SEVERO BARBOSA;RUA RAIMUNDO HERBSTER, 230;CENTRO - MARANGUAPE;61940150;318;
4;523;1244;EMEF SANTA RITA;RUA WALTER LOPES, S/N;GUABIRABA - MARANGUAPE;61940750;257;
4;524;1589;EMEF MANOEL CORDEIRO;RUA LUIZ CORDEIRO SOBRINHO, S/N;UMARIZEIRAS;61950000;321;
4;525;2194;EMEF JOSÉ PEREIRA DE SOUSA;RUA MIGUEL FERNANDES, 571;SÃO JOÃO DO AMANARI;61982984;285;
4;526;2224;EMEF NILO PINHEIRO CAMPELO;RUA NILO CAMPELO, 48;NOVO PARQUE IRACEMA - MARANGUAPE;61949190;329;
4;527;1120;EMEIEF RENATO MOTA;RUA EMANOEL COSTA  ABREU, S/N;OUTRA BANDA - MARANGUAPE;61942280;335;
4;528;1856;EMEF MIGUEL VIEIRA DA ROCHA;RUA BOA VISTA DOS VIEIRAS, S/N;LAGES;61962000;303;
4;534;1660;EMEF JOSÉ FERNANDES VIEIRA;RUA PEDRO MOREIRA VASCONCELOS, 125;NOVO MARANGUAPE I (ÁREA VERDE) - MARANGUAPE;61944450;340;
4;535;1430;EMEIEF DR. CÉSAR CAMPELO;RUA JOÃO DE HOLANDA CAVALCANTE;TANQUES;61976000;190;
4;537;1210;EEMTI EUNICE WEAVER;AV SEN ALMIR PINTO KM 15 PAU SERRADO;CÔNEGO RAIMUNDO PINTO - MARANGUAPE;61945220;299;
4;538;1244;EMEF SANTA RITA;RUA WALTER LOPES, S/N;GUABIRABA - MARANGUAPE;61940750;255;
4;539;2399;CEI DEPUTADO JOSÉ MÁRIO MOTA BARBOSA;RUA DA PRAÇA, S/N;OUTRA BANDA - MARANGUAPE;61943015;317;
4;540;1813;EMEF JÕAO CIRINO NOGUEIRA;RUA JOAO CIRINO, S/N;SAPUPARA;61950000;296;
4;541;1414;EMEIEF FRANCISCA ROCHA MAGALHÃES;AVENIDA ALCEBÍADES RODRIGUES BARRETO SN;LADEIRA GRANDE;61953000;283;
4;542;2542;EEFM CAIC SENADOR CARLOS JEREISSATI;RUA ANTONIO TEIXEIRA, S/N;NOVO MARANGUAPE I (ÁREA VERDE) - MARANGUAPE;61942310;330;
4;543;2410;EMEIEF FRANCISCO SARAIVA DE OLIVEIRA;RUA ANTONIO ALVES CAVALCANTE SN;PARQUE SÃO JOÃO - MARANGUAPE;61946150;311;
4;544;1830;EEFM LUIZ GIRÃO;AVENIDA TABATINGA, S/N;TABATINGA - SAPUPARA;61950000;335;
4;545;2224;EMEF NILO PINHEIRO CAMPELO;RUA NILO CAMPELO, 48;NOVO PARQUE IRACEMA - MARANGUAPE;61949190;331;
4;546;1660;EMEF JOSÉ FERNANDES VIEIRA;RUA PEDRO MOREIRA VASCONCELOS, 125;NOVO MARANGUAPE I (ÁREA VERDE) - MARANGUAPE;61944450;347;
4;547;1422;EMEF CÔNEGO HEITOR VIEIRA CAVALCANTE;RUA MARIA EFIGÊNIA CAMPOS TELES, 985;COITÉ - MARANGUAPE;61946120;321;
4;548;1392;EMEIEF ANTÕNIO JANUÁRIO DE OLIVEIRA;CAJUEIRO;CAJUEIRO - TANQUES;61976000;317;
4;549;1821;EMEIEF JOSÉ SIMÃO DE ABREU;AVENIDA JOSÉ SIMÃO DE ABREU, S/N;LADEIRA GRANDE;61953000;284;
4;550;2542;EEFM CAIC SENADOR CARLOS JEREISSATI;RUA ANTONIO TEIXEIRA, S/N;NOVO MARANGUAPE I (ÁREA VERDE) - MARANGUAPE;61942310;317;
4;551;2437;EMEF DIREITOS HUMANOS;RUA MONSENHOR ASSIS PORTELA, S/N;NOVO MARANGUAPE I (ÁREA VERDE) - MARANGUAPE;61943270;333;
4;552;1600;EMEF LEONOR DE CASTRO BORGES;RUA ANTÔNIA BOTELHO, 83;JUBAIA;61955000;295;
4;553;2399;CEI DEPUTADO JOSÉ MÁRIO MOTA BARBOSA;RUA DA PRAÇA, S/N;OUTRA BANDA - MARANGUAPE;61943015;323;
4;554;2496;COLÉGIO SÃO JOSÉ;RUA SÃO JOSÉ, S/N;PARQUE IRACEMA - MARANGUAPE;61948360;341;
4;555;1473;EMEIEF JOSÉ MAMEDE DA NÓBREGA;RATO DE CIMA S/N;RATO DE CIMA - MANOEL GUEDES;61984000;248;
4;556;2224;EMEF NILO PINHEIRO CAMPELO;RUA NILO CAMPELO, 48;NOVO PARQUE IRACEMA - MARANGUAPE;61949190;331;
4;557;2569;CEI CONEGO RAIMUNDO PINTO;RUA RAIMUNDO PINTO, S/N;NOVO MARANGUAPE II (AREA SECA) - MARANGUAPE;61944280;345;
4;558;1112;CENTRO DE EDUC. MUNIC. DEP. MANOEL RODRIGUES;RUA JUSCELINO KUBITSCHEK, S/N;PARQUE SANTA FÉ - MARANGUAPE;61940390;340;
4;559;2410;EMEIEF FRANCISCO SARAIVA DE OLIVEIRA;RUA ANTONIO ALVES CAVALCANTE SN;PARQUE SÃO JOÃO - MARANGUAPE;61946150;310;
4;560;2542;EEFM CAIC SENADOR CARLOS JEREISSATI;RUA ANTONIO TEIXEIRA, S/N;NOVO MARANGUAPE I (ÁREA VERDE) - MARANGUAPE;61942310;320;
4;561;1830;EEFM LUIZ GIRÃO;AVENIDA TABATINGA, S/N;TABATINGA - SAPUPARA;61950000;338;
4;562;2372;EMEIEF ÁLVARO CÂMARA;BOA VISTA DOS VALENTINS;BOA VISTA DOS VALENTINS - CACHOEIRA;61973000;290;
4;563;2437;EMEF DIREITOS HUMANOS;RUA MONSENHOR ASSIS PORTELA, S/N;NOVO MARANGUAPE I (ÁREA VERDE) - MARANGUAPE;61943270;337;
4;565;1848;EMEIEF CARLOS PEREIRA DE SOUSA;RUA JOSÉ MENEZES, S/N;PENEDO;61956000;301;
4;567;1449;CRECHE FRANCISCO DE ALMEIDA ARAÚJO;FORQUILHA;FORQUILA - PAPARA;61979000;181;
4;568;2569;CEI CONEGO RAIMUNDO PINTO;RUA RAIMUNDO PINTO, S/N;NOVO MARANGUAPE II (AREA SECA) - MARANGUAPE;61944280;344;
4;569;1171;EEMTI ANCHIETA;RUA ANTÕNIO GOMES BESSA, 60;PARQUE IRACEMA - MARANGUAPE;61948220;342;
4;570;2224;EMEF NILO PINHEIRO CAMPELO;RUA NILO CAMPELO, 48;NOVO PARQUE IRACEMA - MARANGUAPE;61949190;334;
4;572;1210;EEMTI EUNICE WEAVER;AV SEN ALMIR PINTO KM 15 PAU SERRADO;CÔNEGO RAIMUNDO PINTO - MARANGUAPE;61945220;294;
4;573;2542;EEFM CAIC SENADOR CARLOS JEREISSATI;RUA ANTONIO TEIXEIRA, S/N;NOVO MARANGUAPE I (ÁREA VERDE) - MARANGUAPE;61942310;323;
4;574;2461;EMEIEF FLORÊNCIO BARROSO DE ALBUQUERQUE;RATO DE BAIXO;MANOEL GUEDES;61984000;252;
4;575;1236;EEMTI ANTÔNIO MARQUES DE ABREU;RUA MANUEL GUEDES MARTINS, 1076.;ITAPEBUSSU;61988000;334;
4;576;1724;EMEIEF SANTO ANTÔNIO;RUA FRANCISCO ANTONIO DE LIMA, S/N;PAPARA;61967000;327;
4;577;2526;CEI BERGSON LUANN VASCONCELOS DE SOUSA;AV TABATINGA,138;GERERAÚ - SAPUPARA;61950000;303;635
4;578;2569;CEI CONEGO RAIMUNDO PINTO;RUA RAIMUNDO PINTO, S/N;NOVO MARANGUAPE II (AREA SECA) - MARANGUAPE;61944280;346;
4;579;2542;EEFM CAIC SENADOR CARLOS JEREISSATI;RUA ANTONIO TEIXEIRA, S/N;NOVO MARANGUAPE I (ÁREA VERDE) - MARANGUAPE;61942310;314;
4;580;2089;EEFM ANTÔNIO LUÍS COELHO;RUA DO COMÉRCIO, S/N;AMANARI;61979000;322;
4;581;1830;EEFM LUIZ GIRÃO;AVENIDA TABATINGA, S/N;TABATINGA - SAPUPARA;61950000;337;
4;584;2500;COLÉGIO OLÍMPICO;RUA JOANINHA VIEIRA, 176;NOVO MARANGUAPE I (ÁREA VERDE) - MARANGUAPE;61940000;327;
4;585;1651;EMEIEF LUIZ ALBANO DA COSTA;AVENIDA JOAQUIM LOPES DE ABREU, S/N;URUCARÁ - MARANGUAPE;61949210;262;
4;586;2216;EMEIEF MARIA DE PAULA COLARES;RUA RUBENS HERBEST, 1020;SANTOS DUMONT - MARANGUAPE;61948000;388;640
4;587;1244;EMEF SANTA RITA;RUA WALTER LOPES, S/N;GUABIRABA - MARANGUAPE;61940750;252;
4;588;2470;CEI ISAURINHA DIÓGENES;RUA NAPOLEÃO LIMA, 780;GUABIRABA - MARANGUAPE;61940005;298;
4;589;2593;CEM PEDRO PESSOA CÂMARA;AV. DR. ARGEU BRAGA HERBSTER, 960;OUTRA BANDA - MARANGUAPE;61942005;326;
4;590;2410;EMEIEF FRANCISCO SARAIVA DE OLIVEIRA;RUA ANTONIO ALVES CAVALCANTE SN;PARQUE SÃO JOÃO - MARANGUAPE;61946150;310;
4;591;2461;EMEIEF FLORÊNCIO BARROSO DE ALBUQUERQUE;RATO DE BAIXO;MANOEL GUEDES;61984000;252;
4;592;1589;EMEF MANOEL CORDEIRO;RUA LUIZ CORDEIRO SOBRINHO, S/N;UMARIZEIRAS;61950000;321;
4;593;1090;CEI PAULO CAMPOS TELES;AVENIDA MARIA EFIGENIA CAMPOS TELES, 1130;COITÉ - MARANGUAPE;61946120;218;
4;595;2496;COLÉGIO SÃO JOSÉ;RUA SÃO JOSÉ, S/N;PARQUE IRACEMA - MARANGUAPE;61948360;343;
4;596;2224;EMEF NILO PINHEIRO CAMPELO;RUA NILO CAMPELO, 48;NOVO PARQUE IRACEMA - MARANGUAPE;61949190;341;
4;597;2020;EMEF FRANCISCA GOMES FERNANDES VIEIRA;AVENIDA STENIO GOMES 872;PARQUE IRACEMA - MARANGUAPE;61948260;262;
4;599;1600;EMEF LEONOR DE CASTRO BORGES;RUA ANTÔNIA BOTELHO, 83;JUBAIA;61955000;292;
4;600;1317;CASA DE CULTURA CAPISTRANO DE ABREU (FITEC);RUA MAJOR AGOSTINHO, 306;CENTRO - MARANGUAPE;61940090;340;
4;601;1350;EMEIEF ANTÕNIO DE ABREU;RUA DEMETRIO FERREIRA , 372;TANGUEIRA - MARANGUAPE;61946075;310;
4;602;1120;EMEIEF RENATO MOTA;RUA EMANOEL COSTA  ABREU, S/N;OUTRA BANDA - MARANGUAPE;61942280;336;
4;603;1619;EMEF PROFESSORA MARIA EUGÊNIA DE OLIVEIRA;RUA MANOEL GUEDES MARTINS, 1130;ITAPEBUSSU;61988000;277;
4;604;2399;CEI DEPUTADO JOSÉ MÁRIO MOTA BARBOSA;RUA DA PRAÇA, S/N;OUTRA BANDA - MARANGUAPE;61943015;317;
4;605;2500;COLÉGIO OLÍMPICO;RUA JOANINHA VIEIRA, 176;NOVO MARANGUAPE I (ÁREA VERDE) - MARANGUAPE;61940000;328;
4;608;2488;COLÉGIO SEBASTIÃO DE ABREU;RUA ROBERTO BRAQUEHAIS, 656;CENTRO - MARANGUAPE;61940080;252;
4;610;2224;EMEF NILO PINHEIRO CAMPELO;RUA NILO CAMPELO, 48;NOVO PARQUE IRACEMA - MARANGUAPE;61949190;332;
4;611;2399;CEI DEPUTADO JOSÉ MÁRIO MOTA BARBOSA;RUA DA PRAÇA, S/N;OUTRA BANDA - MARANGUAPE;61943015;325;
4;612;2500;COLÉGIO OLÍMPICO;RUA JOANINHA VIEIRA, 176;NOVO MARANGUAPE I (ÁREA VERDE) - MARANGUAPE;61940000;329;
4;613;2496;COLÉGIO SÃO JOSÉ;RUA SÃO JOSÉ, S/N;PARQUE IRACEMA - MARANGUAPE;61948360;342;
4;614;1422;EMEF CÔNEGO HEITOR VIEIRA CAVALCANTE;RUA MARIA EFIGÊNIA CAMPOS TELES, 985;COITÉ - MARANGUAPE;61946120;321;
4;615;1830;EEFM LUIZ GIRÃO;AVENIDA TABATINGA, S/N;TABATINGA - SAPUPARA;61950000;334;
4;616;2593;CEM PEDRO PESSOA CÂMARA;AV. DR. ARGEU BRAGA HERBSTER, 960;OUTRA BANDA - MARANGUAPE;61942005;326;
4;617;1848;EMEIEF CARLOS PEREIRA DE SOUSA;RUA JOSÉ MENEZES, S/N;PENEDO;61956000;261;
4;618;2500;COLÉGIO OLÍMPICO;RUA JOANINHA VIEIRA, 176;NOVO MARANGUAPE I (ÁREA VERDE) - MARANGUAPE;61940000;327;
4;619;2135;EMEIEF HONÓRIO ANTÔNIO DE ABREU;AV. MANOEL HONÓRIO DE ABREU, SN;CACIMBÃO - LADEIRA GRANDE;61953000;101;
4;620;2470;CEI ISAURINHA DIÓGENES;RUA NAPOLEÃO LIMA, 780;GUABIRABA - MARANGUAPE;61940005;350;628
4;621;1210;EEMTI EUNICE WEAVER;AV SEN ALMIR PINTO KM 15 PAU SERRADO;CÔNEGO RAIMUNDO PINTO - MARANGUAPE;61945220;298;
4;622;2410;EMEIEF FRANCISCO SARAIVA DE OLIVEIRA;RUA ANTONIO ALVES CAVALCANTE SN;PARQUE SÃO JOÃO - MARANGUAPE;61946150;267;
4;623;2437;EMEF DIREITOS HUMANOS;RUA MONSENHOR ASSIS PORTELA, S/N;NOVO MARANGUAPE I (ÁREA VERDE) - MARANGUAPE;61943270;320;
4;624;1120;EMEIEF RENATO MOTA;RUA EMANOEL COSTA  ABREU, S/N;OUTRA BANDA - MARANGUAPE;61942280;337;
4;625;2593;CEM PEDRO PESSOA CÂMARA;AV. DR. ARGEU BRAGA HERBSTER, 960;OUTRA BANDA - MARANGUAPE;61942005;322;
4;626;2500;COLÉGIO OLÍMPICO;RUA JOANINHA VIEIRA, 176;NOVO MARANGUAPE I (ÁREA VERDE) - MARANGUAPE;61940000;147;
4;629;2399;CEI DEPUTADO JOSÉ MÁRIO MOTA BARBOSA;RUA DA PRAÇA, S/N;OUTRA BANDA - MARANGUAPE;61943015;319;
4;632;2542;EEFM CAIC SENADOR CARLOS JEREISSATI;RUA ANTONIO TEIXEIRA, S/N;NOVO MARANGUAPE I (ÁREA VERDE) - MARANGUAPE;61942310;142;
4;633;2550;CEI WILSON BASTOS RODRIGUES;RUA FRANCISCO SILVA OLIVEIRA, 129;NOVO MARANGUAPE II (AREA SECA) - MARANGUAPE;61944210;82;
4;638;2569;CEI CONEGO RAIMUNDO PINTO;RUA RAIMUNDO PINTO, S/N;NOVO MARANGUAPE II (AREA SECA) - MARANGUAPE;61944280;91;
4;639;2518;ASSOCIAÇÃO DOS REMANESCENTES DE QUILOMBOLAS DE ITAPEBUSSU E ADJACENCIA;RUA RAIMUNDO MARIANO, 16;ALTOS DE ITAPEBUSSU - ITAPEBUSSU;61988000;57;
4;641;2437;EMEF DIREITOS HUMANOS;RUA MONSENHOR ASSIS PORTELA, S/N;NOVO MARANGUAPE I (ÁREA VERDE) - MARANGUAPE;61943270;204;
4;645;2224;EMEF NILO PINHEIRO CAMPELO;RUA NILO CAMPELO, 48;NOVO PARQUE IRACEMA - MARANGUAPE;61949190;113;
4;646;1317;CASA DE CULTURA CAPISTRANO DE ABREU (FITEC);RUA MAJOR AGOSTINHO, 306;CENTRO - MARANGUAPE;61940090;70;
4;647;2496;COLÉGIO SÃO JOSÉ;RUA SÃO JOSÉ, S/N;PARQUE IRACEMA - MARANGUAPE;61948360;88;627
